1.000000000000000444e+00 2.153522772230280213e-01 2.111936575750001932e-01 2.036232409792020914e-01 3.941588652284572225e-02 1.760121352757359758e-01 2.566925420591680274e-01 2.031975346772829094e-01 2.516752773563834533e-01 2.041870326776561995e-01 4.014447174080904013e-01 4.618866672737516610e-01 2.253417316967948336e-01 2.252426307648699999e-01 5.896928905322995629e-02 2.073297237740431009e-01 2.419284733818263533e-01 1.526491717346571408e-01 1.305022696187255193e-01 1.519785669151073604e-01 8.307824014107099975e-02 2.153456026748419017e-01 1.997719501085822302e-01 2.318972745303034266e-01 2.169626008281603791e-01 1.213809752103093276e-01 1.748735440789975781e-01 2.641171465537756058e-01 1.902682540590439342e-01 6.482745839440026692e-02 2.381680180607979036e-01 9.016159124954573056e-02 1.780307041535342527e-01 1.830736553461920213e-01 5.010946019533554785e-02 6.534310229366133704e-01 2.572959259147681310e-01 1.029225966509555723e-01 3.653753411680237262e-01 1.526146851234471413e-01 2.183878698584138800e-01 4.355458010455564022e-01 1.449831141483073349e-01 1.914578704519575847e-01 1.087169336053710328e-01 2.893461772563619694e-01 3.397930921743517185e-01 3.251453362364319782e-02 1.430644122750784897e-01 1.846428571367484395e-01 1.016454944807448496e-01 1.583911632616317317e-02 3.612559873720304626e-01 1.647585269184604906e-01 2.126211497343898360e-01 2.126211497343898360e-01 9.568493930252466861e-02 1.258729263762166373e-01 2.623349193471849472e-01 6.180111282018695834e-02 1.662659527228975143e-01 3.126171285898839414e-01 3.126171285898839414e-01 3.261794498930542519e-01 2.216976770069437608e-01 1.515625637826925609e-01 2.592443855122051888e-01 1.639905210740491281e-01 8.313835333898497715e-03 9.216879255800898563e-02 2.700177233854585968e-01 2.062875953979863564e-01 1.628492518999254124e-01 1.462580073360205957e-01 2.606727235538616183e-01 1.654076991092489068e-01 1.018444714776505639e-01 1.159819485674201539e-01 2.327598831726243600e-01 2.426244646189451570e-01 1.236553774570665898e-01 -1.444428157987591096e-02 2.106596249585903635e-01 2.304514815234517400e-01 2.704337644173149813e-01 2.656965186190175521e-01 2.221794491163903151e-01 3.951680130147521286e-01 1.506478742346903377e-01 2.767585940272698219e-01 1.099876371657531327e-01 8.127966271399585108e-02 1.850987458593381096e-01 1.848164074964677994e-01 3.529269496906789483e-01 3.168152322765588336e-01 2.242793406217679364e-01
2.153522772230280213e-01 9.999999999999995559e-01 1.428153592874799593e-01 4.134539294793587727e-01 3.919012251427190785e-01 1.875975471525255511e-01 1.758980630662451972e-01 1.159796607470581636e-01 1.753761981529787517e-01 1.982666117243673809e-01 3.156929610625327509e-01 2.704933998003451467e-01 9.207009019793269133e-02 1.723324378897306275e-01 3.977325953783666240e-02 2.656245492406338893e-01 2.367639969848549519e-01 3.651350164873002901e-01 1.730405721488567639e-01 4.901989726560681548e-01 3.300685455547181513e-01 2.229160304531055958e-01 4.400740927118030887e-01 4.066953948603170277e-01 2.997321050819021226e-01 1.642436678979619646e-01 1.741161998098914310e-01 3.240241577817022933e-01 3.755120259857910869e-01 1.737493901103761562e-01 3.168437826049048667e-01 1.115604367946330666e-01 1.175350910369909185e-01 7.579392863608386266e-02 1.740977169980966743e-01 2.826258174060246597e-01 1.538917476821196340e-01 8.000730054712992811e-02 3.160606430574091075e-01 4.039720555377388500e-01 1.520445569238966232e-01 2.049285860014890270e-01 3.005287435615701663e-01 8.357816181987480497e-02 1.742536705310416545e-01 3.363222980486469949e-01 1.165898108036027836e-01 8.170192846417410892e-02 1.768025844736729746e-01 3.800111029267584928e-01 6.696124866497253636e-02 2.021074969095414120e-01 1.494458663525003728e-01 3.984333088581591964e-01 4.003700545490879170e-01 4.003700545490879170e-01 1.040918327592460640e-01 1.252470793264545690e-01 3.410245993168695144e-01 1.017389389444338516e-01 1.701621492864345275e-01 3.032381175588125810e-01 3.032381175588125810e-01 2.473075435840996761e-01 1.854582481421469253e-01 1.498482834236373740e-01 4.740982480673762156e-01 2.733938232377189914e-01 1.794385230562343669e-01 1.562029587138621389e-01 4.059842344864808550e-01 8.461601842789073791e-02 1.440970639543582843e-01 9.526794489175577363e-02 1.314561941796202060e-01 3.594642702891351904e-01 1.483734463674354631e-01 1.000908196151758939e-01 1.427293876284681240e-01 3.925244287607862481e-01 1.393153894287287864e-01 7.046866532870960098e-02 2.975994906346229874e-01 1.407225414433453392e-01 1.696075938860315546e-01 2.481168756900347105e-01 3.039128093636047634e-01 1.499104083239400920e-01 2.271624731132780850e-01 1.496006091954246164e-01 1.105496297808358369e-01 4.127957526771700580e-01 1.884417336854263547e-01 9.842464348211255043e-02 4.103598566984552054e-01 2.163549468001700893e-01 1.814438923485677813e-01
2.111936575750001932e-01 1.428153592874799593e-01 1.000000000000000888e+00 1.849719199389067703e-01 8.016315660197784188e-02 5.666840223837237012e-02 1.425788729527976417e-01 8.516983228564278807e-02 7.856374518670539153e-02 8.135965689718049898e-02 2.364148307027478246e-01 1.997039156695422368e-01 5.833840082094288171e-02 1.400269062295982359e-01 3.917961105100406516e-02 9.607862510279596702e-02 1.204967053570271257e-01 9.021668682348440993e-02 2.355600868503324175e-02 2.331830110707410197e-01 8.939345033718021361e-02 7.685864467707037573e-02 2.289845036182360516e-01 1.476247347858775094e-01 1.283518784442272131e-01 6.946816379917018780e-02 1.225389411237745446e-01 1.606965629182206257e-01 1.789915986555066507e-01 5.506605869421293820e-02 9.157623239231976742e-02 2.061441294270727198e-02 1.029804558803858738e-01 1.594918575263131189e-01 9.035840213242415930e-02 2.491367534450113219e-01 4.081143739879591198e-02 8.879703013010828427e-02 2.261653311482054729e-01 1.831273800934505869e-01 1.544107191378105148e-01 2.047589298911568489e-01 1.858528653733739766e-01 6.897322882908604735e-02 8.559036279410364711e-02 1.120472637523007436e-01 2.000134191507277892e-01 4.352904311930239079e-02 7.590519054347966144e-02 9.878339998109490760e-02 1.250149276343095750e-01 6.223194010711864677e-02 1.817770448479573697e-01 1.711966016695032899e-01 1.779467617977705252e-01 1.779467617977705252e-01 1.782460056704925355e-01 1.266512522820409381e-01 1.338247462642435104e-01 1.181174089030776753e-01 1.720470015160363020e-01 1.716109412269683498e-01 1.716109412269683498e-01 2.012968398731229125e-01 1.511324435904244645e-01 -1.949246660528806963e-03 2.233088927987998962e-01 1.548997518567156173e-01 3.810256981829349132e-02 1.492314236468655630e-01 1.953535281554024117e-01 6.400382078501867800e-02 9.882453142912103750e-02 1.781052916715667248e-02 6.970157864099446599e-02 1.307875856862857900e-01 5.825078051240719507e-02 6.161351552427903056e-02 1.910902451764892040e-01 9.889863651747334006e-02 -3.798657797094645572e-02 2.104664038357369482e-01 7.080100392596017089e-02 8.394351956639883872e-02 1.527102414714364975e-01 2.763567870667402726e-01 1.572518612014631723e-01 1.227608632036156916e-01 1.802738899993459321e-01 1.866389964873091944e-01 6.999528642896285513e-02 7.190282716543067165e-02 1.054876844288102355e-02 1.005082667347672737e-01 1.448589457405849990e-01 1.057300114545920433e-01 1.158195254780247374e-01
2.036232409792020914e-01 4.134539294793587727e-01 1.849719199389067703e-01 9.999999999999998890e-01 3.308810623247397942e-01 1.919786223569475980e-01 2.048412958840295783e-01 1.486263087342606648e-01 2.030057346968385523e-01 1.077149168835749293e-01 3.095280956169657038e-01 2.463374940688970172e-01 1.434110128396359762e-01 1.346075299476728604e-01 1.066252233361620061e-01 2.215425387543882851e-01 2.704840024106995866e-01 5.263197633444561818e-01 2.339203975861682827e-01 2.885106990296490981e-01 3.797508197755679049e-01 3.270918176863865101e-01 4.035303664222141817e-01 3.388112351482409634e-01 2.420713208266592753e-01 1.352498622812438600e-01 1.782541312771605269e-01 2.577903273782126137e-01 4.128249607361725859e-01 2.528291664193026977e-01 3.460013089874489634e-01 1.597398553319890335e-01 2.597354769899964388e-01 1.695823109035361487e-01 1.552894820820925614e-01 2.155471600528920673e-01 1.055991301008132044e-01 1.597303183471364962e-01 3.131180026951233542e-01 3.168381621484296362e-01 1.860621892025797197e-01 1.640615347614780561e-01 4.054943480930447985e-01 9.062899144647626470e-02 1.895669748956177736e-01 3.234456839529137318e-01 1.543110526171147801e-01 7.388013258312897680e-02 2.587324981679741120e-01 3.466996649447131595e-01 1.867307828450526785e-01 2.068016390237359947e-01 1.948084346788127308e-01 3.476868975006559559e-01 3.804152443915996828e-01 3.804152443915996828e-01 1.930812553597879011e-01 2.475897081612264405e-01 5.488537379706002195e-01 2.230415759295573952e-01 2.230175319656789445e-01 3.764456909312003940e-01 3.764456909312003940e-01 5.467448623481392378e-01 2.192321790302325935e-01 1.437311210174307408e-01 5.127062539873300517e-01 4.797200262248441094e-01 1.429010188320510855e-01 1.481691572083112529e-01 4.288066090993152280e-01 1.757867204279850160e-01 2.194170212102547479e-01 1.268650348402440564e-01 1.396306206815493833e-01 3.111260598559044133e-01 6.244191662730295966e-02 2.249050129319737079e-01 1.358273042262325148e-01 3.391072382377111616e-01 1.149946839451683883e-01 1.396027688747122075e-01 1.864015860640591549e-01 2.148422402610451476e-01 2.373121653091215255e-01 2.074817755428383648e-01 3.278960129437192839e-01 2.263719637684426522e-01 2.974770212629100907e-01 2.859560257747056355e-01 1.259798413296442099e-01 3.272528551602478797e-01 1.723863565781674212e-01 1.656210383433027178e-01 3.815160349055632949e-01 2.636328434551457045e-01 3.341348601468661639e-01
3.941588652284572225e-02 3.919012251427190785e-01 8.016315660197784188e-02 3.308810623247397942e-01 1.000000000000000444e+00 1.415535940343586041e-01 2.019041488749697411e-01 9.235360397931474674e-02 1.199256190145473605e-01 5.182439198995635043e-02 2.718492081864923304e-01 8.801031283753885104e-02 4.724820695617135136e-02 1.017100839387539424e-01 1.502340755715630971e-01 1.764889851538035404e-01 2.716957612742431638e-01 3.201718722792104010e-01 2.166881885383481754e-01 3.120948307245158815e-01 4.053377251236952028e-01 1.463042300377588034e-01 2.612125400189876379e-01 2.769373532002216143e-01 1.014114750015095850e-01 1.834107837054652634e-01 6.353533677111873612e-02 1.152239460202846566e-01 3.311211600345098094e-01 1.808909000363913000e-01 2.412393674589967674e-01 1.289639600322976254e-01 1.384587065927982419e-01 8.000440983392580196e-02 2.234245613774563655e-01 1.646800414482344488e-01 1.291982929811946179e-01 1.039165095087564439e-01 1.234887907951285335e-01 2.750119440387608361e-01 1.514503458424537596e-01 1.827131594111280344e-01 1.928011338731503710e-01 -1.810798646879087370e-03 6.159085222269247706e-02 1.283094047331184429e-01 2.257184962294839226e-02 2.058897099812458109e-01 1.641828078766829346e-01 3.582866715723162510e-01 1.201346945782028885e-01 2.518093299549931663e-01 1.214620947689038777e-01 2.754540698423068035e-01 3.324883955359995147e-01 3.324883955359995147e-01 1.443370366071695110e-01 1.541538541444733013e-01 3.119822795975806251e-01 9.792909172858713096e-02 2.213663946931754278e-01 2.856430949511368222e-01 2.856430949511368222e-01 2.413697162052122758e-01 8.179906062007792633e-02 1.984274141893282439e-01 3.470722198307656936e-01 1.338827762842735303e-01 1.963449687451043757e-01 2.162738272768950365e-01 2.084901022943196069e-01 7.318729719073086004e-02 1.147689187832099944e-01 8.599755845879321348e-02 4.280271971696582994e-02 2.680713890866713300e-01 9.676784024600393330e-02 1.489424924960591756e-01 1.215669869195273728e-01 1.566065655884606445e-01 9.337287223200912978e-02 2.564419138583205471e-01 1.173505009178244934e-01 1.482792792341380284e-01 1.324187087394288476e-01 2.174457555714650880e-01 3.688528573141450217e-01 6.157115061979910597e-02 1.242562603491499940e-01 9.896153524204470697e-02 1.045844799693242955e-01 4.028830382380138575e-01 2.414312171868586154e-01 2.405650827887802906e-02 2.136930148599804624e-01 1.274455702842821059e-01 7.939234101518911901e-02
1.760121352757359758e-01 1.875975471525255511e-01 5.666840223837237012e-02 1.919786223569475980e-01 1.415535940343586041e-01 1.000000000000000000e+00 8.652538247256826021e-02 1.440978429222435908e-01 9.145406897259548973e-02 2.400906264067400459e-02 2.053764394427803341e-01 2.128072552424647434e-01 1.787606710809798161e-01 1.094334451717346862e-01 1.580600214775065848e-01 3.120253696526041898e-01 1.978766371792671785e-01 1.950381555865452754e-01 1.529004889694507707e-01 2.055161297253835229e-01 2.041230564435838057e-01 1.228677790783760659e-01 1.750172206283462650e-01 2.254980909132806577e-01 1.871682810928534946e-01 -5.886093766407551886e-02 8.715232453948659752e-02 1.752012430441893809e-01 1.972551466511025531e-01 1.578622302998230476e-01 2.671108119696449235e-01 9.498440066057664555e-02 8.633840977723879206e-02 1.146863645547042398e-01 3.830845588245015282e-02 1.767252309722632531e-01 6.786423403072397442e-02 1.035206699860270925e-02 9.139134594656478372e-02 1.442895098885091376e-01 6.539277397122177093e-02 1.341162834289397199e-01 1.719531559902293671e-01 5.626010002948073942e-03 1.583185305888269168e-01 1.495002162328001871e-01 1.713728355574033746e-01 5.399592494643895568e-02 1.551891599626216700e-01 2.088262533285756561e-01 1.228051422274587107e-01 7.524604296582151908e-02 9.576383157396509138e-02 2.088647355757698165e-01 1.960270742617345185e-01 1.960270742617345185e-01 1.288012043276102747e-01 1.005624789042996736e-01 1.870807398691780032e-01 1.376737022045110559e-01 2.165441001395558840e-01 1.842676967375162511e-01 1.842676967375162511e-01 2.231242356531710214e-01 2.094478323027086919e-01 9.000813266320226158e-02 2.162478278515083396e-01 1.830098060461873843e-01 9.229919802787389660e-02 6.821225291193241946e-02 2.010848234056338280e-01 7.151832436998345477e-02 1.135175519477140405e-01 1.712981618371922921e-01 1.649297097120554223e-01 2.116337394347435064e-01 1.329626814603079021e-01 2.593097703090346817e-01 1.703494476560936388e-01 1.827413279387639922e-01 8.306253566273444355e-03 1.250929372512943338e-02 2.965285792208074284e-02 1.694514003902803934e-01 1.411166765799598821e-01 1.757863730337218267e-01 2.065341976551210990e-01 1.461062997348563930e-01 1.865432818823256345e-01 2.425364871370790376e-01 5.261932233627963917e-02 7.335485045443509988e-02 5.925482594789711205e-02 8.285269412008994250e-02 2.060383666935527991e-01 2.686736013824786995e-01 1.797610013209917368e-01
2.566925420591680274e-01 1.758980630662451972e-01 1.425788729527976417e-01 2.048412958840295783e-01 2.019041488749697411e-01 8.652538247256826021e-02 9.999999999999995559e-01 2.572549402266032237e-01 5.469103927372973573e-01 1.664127164306679063e-01 5.594346523281663597e-01 3.415429670801800599e-01 9.589544029809579651e-02 4.368402299694714719e-01 4.163856024855117077e-02 1.842867412798389060e-01 2.906022527524893539e-01 1.764639274360556842e-01 2.550543079156225579e-01 1.072227401848465100e-01 1.746845790532789433e-01 3.351534040691898086e-01 2.324468175539516901e-01 2.491849060713469122e-01 1.733201432116044383e-01 2.336075313000363085e-01 1.268392393724912526e-01 1.331457553394832516e-01 2.373358888111506415e-01 1.312402023154309316e-01 2.096785424256073505e-01 2.581887186266408341e-01 1.877041072591523752e-01 8.652863734347129854e-02 1.459182507060461653e-01 3.382087006850108546e-01 1.371584328524337870e-01 1.265159240977233313e-01 3.808259389725289767e-01 1.853951403276247190e-01 6.424282515429958762e-01 4.049310438808943480e-01 2.726228757137942882e-01 3.452387458439321044e-01 1.215233370818190051e-01 3.593703217484675028e-01 2.024612626269559068e-01 1.787664551529816737e-01 1.891661362083622011e-01 2.820339561190181588e-01 7.787521005459006884e-02 5.326444139437878922e-02 4.092370549012565029e-01 2.440051793040438344e-01 2.103420196995931801e-01 2.103420196995931801e-01 1.962429605751436212e-01 2.010214281244053214e-01 2.192882150826202525e-01 9.043181020881668752e-02 1.668197635424798209e-01 2.516405852419109079e-01 2.516405852419109079e-01 3.118944668997343239e-01 2.658738750848628207e-01 1.542126581926892281e-01 1.933191602981078894e-01 2.439617405871085665e-01 8.681325299697115194e-02 9.095870702069702718e-02 3.116249865427997978e-01 1.450259694838513247e-01 3.203380680739104647e-01 1.404910814538022634e-01 2.712036466012830438e-01 2.464370638399983882e-01 1.371225418787709316e-01 6.778152731113404328e-02 4.120041549868000974e-01 3.357526127406819105e-01 1.747969824094284808e-01 1.616428582904950312e-02 3.030144365832476705e-01 2.070934616359577651e-01 3.175110770058156007e-01 4.866678288440237088e-01 4.838587762493710143e-01 2.011741413128554368e-01 1.603814146419982878e-01 3.472834930538030163e-01 1.549402977241224888e-01 1.585523625993216779e-01 1.864372460267965104e-01 2.139249782088752105e-01 2.906522697524769328e-01 2.088771038867553442e-01 3.949298172551439778e-01
2.031975346772829094e-01 1.159796607470581636e-01 8.516983228564278807e-02 1.486263087342606648e-01 9.235360397931474674e-02 1.440978429222435908e-01 2.572549402266032237e-01 1.000000000000000444e+00 2.677176784410586485e-01 1.094058181851523120e-01 2.996530017372229238e-01 2.647897814802221972e-01 2.798125330504412991e-02 1.697747684349150965e-01 9.325255392601305982e-02 1.007993538087217505e-01 2.362729583623839613e-01 6.808437145977974669e-02 7.154884492125375417e-02 1.008940937477473959e-01 4.703580950885977163e-02 2.602322231088705640e-01 1.782189210159943471e-01 1.126484842866538050e-01 1.109556434371892220e-01 6.998692669618077067e-02 5.981703156661701687e-02 9.862208761031258930e-02 1.412730206390899190e-01 1.700896160598441564e-01 1.797054571239588561e-01 8.936837535038834324e-02 6.390334346733850257e-02 1.346353815763674244e-01 8.519755414657612103e-02 2.997241843273322770e-01 1.698031310060438281e-01 9.027675464229864555e-02 2.509875745903775712e-01 1.249521576521739064e-01 3.527065802294302999e-01 2.766152848536992392e-01 7.544063969613155896e-02 1.203091688570872009e-01 1.114630866739165782e-01 1.662272046603429920e-01 1.839773389648928226e-01 8.499885056424562324e-02 8.301084917441840794e-02 1.820078564121192510e-01 7.642439271510717558e-02 9.228965185066667631e-02 2.343615289482024466e-01 1.250540089718884251e-01 2.012285867330807221e-01 2.012285867330807221e-01 1.146575157273617973e-01 7.991475345171725198e-02 2.225978651074887460e-01 6.888943756580696853e-02 8.865351211656502528e-02 2.737818434490542074e-01 2.737818434490542074e-01 2.154147122743937381e-01 1.567988641497700675e-01 1.025154309373828565e-01 1.156238701498812638e-01 1.774824492883041172e-01 9.312686485842128215e-02 5.910815315785405977e-02 2.256417019260536505e-01 1.011898452326855657e-01 1.701178155140026238e-01 1.669522274803578177e-01 1.882820823225893059e-01 1.673099499375183818e-01 8.832659705795173344e-02 6.131445791863912587e-02 2.424367466090979195e-01 1.526004481629920084e-01 1.747369431617038782e-01 -3.539711009089785421e-03 2.228611139508107075e-01 1.631818723000092453e-01 3.668556352605332749e-01 2.394578417597474640e-01 2.174224624879277923e-01 1.816841307169357045e-01 7.988595231867164081e-02 2.477441632241491054e-01 1.111975127370441324e-01 9.090040461153889306e-02 6.154608967384961327e-02 1.933524091397821332e-01 2.232395704112600243e-01 1.871599870938640553e-01 1.776251398599890952e-01
2.516752773563834533e-01 1.753761981529787517e-01 7.856374518670539153e-02 2.030057346968385523e-01 1.199256190145473605e-01 9.145406897259548973e-02 5.469103927372973573e-01 2.677176784410586485e-01 1.000000000000000444e+00 1.787029778260027513e-01 4.316355750654661261e-01 3.597108523283846226e-01 1.760703115227675308e-01 2.992250376004138568e-01 9.935127445300034887e-02 1.163748189378742970e-01 3.172297744123972474e-01 6.863731661527242012e-02 1.856548669261029183e-01 1.267071892201967476e-01 6.186418237406376974e-02 3.260421782795228096e-01 1.402985933492170434e-01 2.067152008219882431e-01 1.636572654028621843e-01 2.290982378879346248e-01 2.262640527239102028e-01 1.140718374111533151e-01 1.915919564616241355e-01 1.231844558104206316e-01 2.084274157558845542e-01 2.737981073738340321e-01 1.752103677496279210e-01 1.344859260657443323e-01 1.192232565262233562e-01 3.140647094648316706e-01 2.132236273379398139e-01 2.387375043921739215e-01 3.926551086224061571e-01 1.086461650861391404e-01 5.825933159736630396e-01 3.875388013656958508e-01 1.843494884291845826e-01 5.254314808327829045e-01 1.029770638089637508e-01 3.686397153900394796e-01 2.291191599981769467e-01 2.093136925949574123e-01 2.440837509182065823e-01 2.427270976112485545e-01 1.017991863512681117e-01 1.044817707864495460e-01 3.444605960450072279e-01 2.473973041329244893e-01 1.274076122925369425e-01 1.274076122925369425e-01 1.436866475809765731e-01 1.510040961449034824e-01 2.209471879657414761e-01 1.437370317519934826e-01 2.125714850974340653e-01 2.274346181193567518e-01 2.274346181193567518e-01 2.143666057555770887e-01 2.005126761491050347e-01 1.092764644844972655e-01 1.507423971312424615e-01 1.778245574445420085e-01 3.927154131973609186e-02 1.985938793848984751e-01 3.011074687485966739e-01 8.521732013925735483e-02 2.996441958662376392e-01 1.986217802516041520e-01 3.949262165236016031e-01 2.364654178697560005e-01 5.436343019868218607e-02 2.602527775334293955e-02 3.652532046044136282e-01 2.409741382756639960e-01 2.484317886808220521e-01 1.043985861382788483e-01 3.478429450967302494e-01 1.830968848632999191e-01 3.612776150791469076e-01 3.973396768954241542e-01 4.010702603568662150e-01 2.500153782012050074e-01 1.474868234449214222e-01 3.300286448576535414e-01 1.980414851103194929e-01 2.336189798111901750e-01 2.014181180815714511e-01 2.525325498940741986e-01 2.046691890538113456e-01 1.840396578140056083e-01 4.543133932549897613e-01
2.041870326776561995e-01 1.982666117243673809e-01 8.135965689718049898e-02 1.077149168835749293e-01 5.182439198995635043e-02 2.400906264067400459e-02 1.664127164306679063e-01 1.094058181851523120e-01 1.787029778260027513e-01 1.000000000000000444e+00 2.633097737196451460e-01 1.225268828743281413e-01 9.348062971570747504e-02 2.126802271552154233e-01 2.287245839137170833e-01 9.581245353884973448e-02 1.669423535218938492e-01 2.080517695748248796e-01 1.595311641581412254e-01 2.481110286280086563e-01 1.362690354318964459e-01 1.799747655395848578e-01 2.697671062901050854e-01 2.543226062091267226e-01 2.569253591827878047e-01 2.565389831312149260e-01 2.658969504282417406e-01 1.952723712763168029e-01 2.428470875093992065e-01 2.682240775325344107e-01 2.369466622400022149e-01 2.499264931497368336e-01 2.280644435695001471e-01 2.358409035463533421e-01 7.635051905364534375e-02 2.527249905689078480e-01 4.445694996849600678e-01 2.127731802267263106e-01 1.943569819138397103e-01 1.185220480393675002e-01 1.296184967305525904e-01 2.603558147546427559e-01 1.207452832298647055e-01 1.682719521286144548e-01 1.065057687504155359e-01 3.238629087964301489e-01 2.673920828553699724e-01 9.160773464567847912e-02 2.216892903765012024e-01 2.291769451103095878e-01 2.088307177542615412e-01 1.337779774527081411e-02 6.770202739487410359e-02 2.902900412107745076e-01 1.601234477397535383e-01 1.601234477397535383e-01 4.830444780519001224e-02 2.373053979128889046e-01 1.040476754546661997e-01 6.200194184574545075e-02 2.239371197646163603e-01 1.698466294374795515e-01 1.698466294374795515e-01 9.118688699282313792e-02 2.141477054321085649e-01 7.940907391806500959e-02 2.622941130002968135e-01 1.247337808318813579e-01 7.379747768851446788e-02 3.070168950403515673e-01 3.511936597911509139e-01 2.339240244535220337e-01 1.760144236641851823e-01 2.015427806057101812e-01 1.642323345382420419e-01 2.569555289830989797e-01 8.502489391923961914e-02 1.056111233217329748e-01 1.710879674461018296e-01 2.451898060991692940e-01 1.164559406336101166e-01 1.751660822055544631e-01 3.098619361723466969e-01 2.978977992708696232e-01 1.329764293081437398e-01 2.425686488639141603e-01 2.456725602504746253e-01 1.714732892554429178e-01 2.236312700354947391e-01 1.647661031443289903e-01 1.636947991448118311e-01 2.893014021159596716e-01 1.033057679995297296e-01 1.488263283310347074e-01 1.591993641531477266e-01 8.919397125405353899e-02 2.305081266252098082e-01
4.014447174080904013e-01 3.156929610625327509e-01 2.364148307027478246e-01 3.095280956169657038e-01 2.718492081864923304e-01 2.053764394427803341e-01 5.594346523281663597e-01 2.996530017372229238e-01 4.316355750654661261e-01 2.633097737196451460e-01 9.999999999999997780e-01 4.080555305697930457e-01 1.012705816515409168e-01 3.690754343585352926e-01 1.257083479302469331e-01 2.003614380251177995e-01 3.055380604976491998e-01 1.897175837557200095e-01 2.345241834131519265e-01 2.283699316233398502e-01 2.606359665583515839e-01 3.653996965528627516e-01 2.905336155399205200e-01 3.427040945551708684e-01 2.895520074301831115e-01 2.473679554960959703e-01 2.178217489924668959e-01 1.380329572782348357e-01 3.952207989586779546e-01 2.578017245197893881e-01 2.542527662285588019e-01 2.937896151410296364e-01 2.196210822587750244e-01 1.576757845498335253e-01 1.698637801545680170e-01 4.623173308422393601e-01 2.259413023038587542e-01 1.047888072698659467e-01 5.220027124215113057e-01 2.548005923518535942e-01 5.070373677644249844e-01 4.679998680042060655e-01 3.221691774393381502e-01 2.758254219445254174e-01 1.284512309624190329e-01 3.783425077850163243e-01 3.266287388733654651e-01 1.928419573253138397e-01 2.606646982891495101e-01 4.101538728542830081e-01 1.393940551041817910e-01 1.068652905864411889e-01 2.836187156399459508e-01 3.841658979003784169e-01 2.670908335872547168e-01 2.670908335872547168e-01 2.814322238918265384e-01 2.511326655484593662e-01 3.048418965888676779e-01 1.845089200480075353e-01 2.376156586533353654e-01 3.717736025148872803e-01 3.717736025148872803e-01 4.086523823193729532e-01 2.975832604188538566e-01 1.274705672013926872e-01 3.060989797403090851e-01 3.170635780484941102e-01 8.771592457793664366e-02 1.926665022840844677e-01 3.909012207442766895e-01 1.663592667222772437e-01 3.324167949767758423e-01 2.105039862045886556e-01 2.953379452641624603e-01 3.931266261859877598e-01 6.699837876979583551e-02 1.844804633622194601e-01 4.401008972833905242e-01 3.083120373432659544e-01 2.091020921052860748e-01 1.041991172253307479e-01 3.545564773572515982e-01 1.535365234661964506e-01 3.302289418564738344e-01 5.867545470766286630e-01 4.737877588105601223e-01 2.275014723493647417e-01 1.956521405815313253e-01 3.852243913429940214e-01 2.061109656766421105e-01 2.286203432067097363e-01 2.295329892771086344e-01 1.455629151457980830e-01 3.408380310468451801e-01 3.140711904828531464e-01 3.662592357201324145e-01
4.618866672737516610e-01 2.704933998003451467e-01 1.997039156695422368e-01 2.463374940688970172e-01 8.801031283753885104e-02 2.128072552424647434e-01 3.415429670801800599e-01 2.647897814802221972e-01 3.597108523283846226e-01 1.225268828743281413e-01 4.080555305697930457e-01 9.999999999999995559e-01 2.274240222499142594e-01 3.692975412258495127e-01 8.299690532689435463e-02 2.384605954297639996e-01 1.381052971972401011e-01 1.988248967815600954e-01 2.341001683805116751e-01 2.108241110245283600e-01 1.265952660613495762e-01 2.748259432275061420e-01 2.291883110987769090e-01 2.044144643092696279e-01 2.600250545309353845e-01 1.547735935560435039e-01 1.295363205758246483e-01 2.754784589500848258e-01 1.979632097173982808e-01 6.804377328997654462e-02 2.191939581300363371e-01 1.492853631655373658e-01 1.486573647851476276e-01 1.859129206231457387e-01 1.300995367510524026e-01 6.015466719614859237e-01 3.025538302548557157e-01 1.004258352524078912e-01 3.413967829257301689e-01 1.752649701612111199e-01 3.390298978642276584e-01 4.079737944940468042e-01 2.208690392307800510e-01 2.565107976917621602e-01 9.856739698057984111e-02 2.667792831570960366e-01 3.359495460748066487e-01 7.307854034625291262e-02 1.800249640800822837e-01 2.023325847297030300e-01 4.266677992453612317e-02 4.306129411153968023e-02 2.844921942130044235e-01 1.614024657801069185e-01 1.851889356133481768e-01 1.851889356133481768e-01 1.080284429102950083e-01 1.299826468801228152e-01 2.902897146598490408e-01 4.597657536803149980e-02 2.299302369385849976e-01 2.232818070057934201e-01 2.232818070057934201e-01 2.733780691080189840e-01 2.370224997656315558e-01 1.301327746531598106e-01 2.091427203208492680e-01 1.731931924072915574e-01 2.155783407463492465e-02 1.428476132221922212e-01 2.893388205371699717e-01 7.414822475528071166e-02 2.832081917451585440e-01 1.721269777087597319e-01 2.495093409707495880e-01 1.796293405460117620e-01 5.177474372901072486e-02 6.765754824503232567e-02 4.520019811989641756e-01 2.868342938074347481e-01 1.336123524854626599e-01 -3.523380329889115592e-03 2.152584206307029957e-01 2.389608288724257013e-01 3.585577395795002120e-01 4.622363692815315006e-01 2.560084196437482085e-01 3.388897062092662282e-01 1.392692762190250177e-01 4.036383397157591313e-01 1.002591918390751680e-01 1.080681915121532860e-01 2.074328913769563076e-01 1.437550819741057195e-01 2.846978472865645537e-01 4.966047822068607731e-01 3.006133598065632295e-01
2.253417316967948336e-01 9.207009019793269133e-02 5.833840082094288171e-02 1.434110128396359762e-01 4.724820695617135136e-02 1.787606710809798161e-01 9.589544029809579651e-02 2.798125330504412991e-02 1.760703115227675308e-01 9.348062971570747504e-02 1.012705816515409168e-01 2.274240222499142594e-01 1.000000000000000444e+00 6.451685912173014958e-02 1.702437453861392336e-01 1.504497977739949477e-01 8.360073447158011817e-02 1.084082202814056761e-01 1.219671185836739835e-01 5.588645206251924985e-02 7.463105374711145878e-02 1.266685805876576615e-02 6.779631793077106616e-02 1.510819836812007100e-01 6.683220021867093685e-02 8.858455672793333346e-02 5.151841841265768218e-02 5.726469609967610452e-02 1.201557085882579423e-01 9.341985927549983915e-02 1.128184690891025632e-01 4.701699584602799659e-02 1.342199250971279345e-01 2.654803464475255503e-02 2.778751069905615462e-02 2.230057758684320102e-01 6.900829851810778848e-02 1.346466751806085216e-01 3.046663875698432666e-02 8.883142099793524260e-02 1.248785195211865595e-01 1.356760399991396304e-01 5.813908740913678597e-02 1.444797911659848055e-01 1.487771485521721671e-01 1.981863606257411869e-01 5.649474813158019554e-02 5.078821833411321929e-02 1.420812763436919701e-01 9.099886432622530941e-02 1.044323051905479555e-01 3.924947411133083985e-02 8.471696109244512829e-02 1.575504787329232437e-01 8.224258053769044341e-02 8.224258053769044341e-02 5.656208969810763015e-02 9.245965783807759408e-02 1.355942092947516608e-01 5.022049228614126892e-02 1.584568253741514554e-01 5.751625968578164688e-02 5.751625968578164688e-02 1.155655128156117956e-01 8.747876519064838596e-02 5.525177317066904542e-02 1.934259225642390723e-01 1.257777781033111719e-01 1.157753221663406981e-02 1.194515641517473331e-01 1.423870924562638529e-01 1.400542378221004691e-01 3.404432476882936209e-02 1.418024267829088303e-01 1.400723093951120046e-01 1.421222800439999046e-01 5.796805682350483074e-02 1.097725619188222035e-01 1.236915654225630018e-01 1.186070957376353235e-01 3.933351192226366283e-02 6.942144222657609109e-02 7.678473678215359810e-02 1.071729852661157806e-01 1.120215848007787424e-01 1.208861795268547229e-01 1.617893300069877527e-01 1.306918273825132537e-01 5.314841446191553159e-02 1.349797130714709970e-01 1.434422280723451210e-02 9.371583836495137043e-02 1.633559606548473098e-01 1.109567877408818293e-01 1.263909738599248156e-01 1.078792922296101520e-01 1.261241011695603542e-01
2.252426307648699999e-01 1.723324378897306275e-01 1.400269062295982359e-01 1.346075299476728604e-01 1.017100839387539424e-01 1.094334451717346862e-01 4.368402299694714719e-01 1.697747684349150965e-01 2.992250376004138568e-01 2.126802271552154233e-01 3.690754343585352926e-01 3.692975412258495127e-01 6.451685912173014958e-02 1.000000000000000666e+00 8.113289246247594455e-02 1.717088557127191828e-01 1.598403208004158804e-01 4.501045980884564590e-02 1.751458847468810309e-01 1.372723289536636471e-01 2.005848889095298779e-02 2.332623572889684638e-01 2.465985557426702557e-01 1.218997835841165028e-01 8.239369031572603419e-02 1.508978299724387240e-01 1.281663635481071761e-01 1.597450249766207420e-01 1.338303930642226192e-01 1.589088417973828771e-01 1.101576435544192739e-01 1.808046634566390642e-01 1.517287965657186377e-01 1.299186561878719059e-01 7.165336402692901174e-02 3.643662213619895951e-01 2.026611625874421008e-01 1.609095972700167743e-01 3.677367620465157305e-01 9.539293618833816213e-02 3.494452474281085630e-01 2.863038145314363847e-01 1.290701441235292402e-01 1.487329264689085662e-01 7.548218929112629483e-02 1.805132106147636084e-01 3.070857505493128081e-01 1.468475331809750983e-01 1.627622931268213891e-01 1.297371383411804746e-01 1.317990774276756039e-01 7.562502659177672282e-02 2.655354444557481153e-01 1.006503754694948322e-01 8.716001961540009724e-02 8.716001961540009724e-02 1.002170117467913318e-01 1.279939620207415085e-01 1.356342338693520277e-01 1.714236729609938115e-01 1.724330870481030620e-01 1.349443544507384074e-01 1.349443544507384074e-01 1.144982242087087404e-01 1.392535798372480649e-01 9.072680612690357804e-02 2.255854987409593171e-01 1.506838006488577242e-01 6.197735434810490440e-02 1.177307048101021991e-01 2.489440979654075070e-01 1.206159037438453430e-01 1.901280641231945512e-01 2.147305870646136761e-01 1.057937896454080595e-01 1.486008781800229606e-01 4.597577552539598711e-02 2.683735986702049867e-02 2.403855724522950266e-01 2.316119827613290494e-01 1.559542033326925814e-01 -1.103604557095090935e-02 2.444111305383259436e-01 1.154892410323024587e-01 2.711583549505661717e-01 3.406806425582947773e-01 2.994549903324614237e-01 1.745704203492253470e-01 1.089352437573552768e-01 2.901170653438124303e-01 1.412896967719166064e-01 1.280267102387050437e-01 1.393706297923026916e-01 7.814244812358438208e-02 2.278971136839746947e-01 1.999845151893539785e-01 2.212959650814252388e-01
5.896928905322995629e-02 3.977325953783666240e-02 3.917961105100406516e-02 1.066252233361620061e-01 1.502340755715630971e-01 1.580600214775065848e-01 4.163856024855117077e-02 9.325255392601305982e-02 9.935127445300034887e-02 2.287245839137170833e-01 1.257083479302469331e-01 8.299690532689435463e-02 1.702437453861392336e-01 8.113289246247594455e-02 1.000000000000001332e+00 1.274343263239243740e-01 9.953187564552590239e-02 1.360240427107148875e-01 1.175034432212659491e-01 2.243961946106988736e-01 1.906514839704105402e-01 9.136373457514594676e-02 1.060007986224062032e-01 1.579800841306777393e-01 1.478237487489892366e-01 1.506867595139167182e-01 -5.973950984123356511e-02 9.063013964686419954e-02 1.560616425674602181e-01 1.922587437768334684e-01 2.086204539256706902e-01 8.911292643682583448e-02 6.240848814207268502e-02 1.183502080837235404e-01 3.424528405036600387e-02 1.037799892521799328e-01 1.940736889223527717e-01 1.369608384419893632e-01 1.534598880593124326e-01 9.467134388822287527e-02 3.011782556963542995e-02 9.803216317608889896e-02 1.989289854520542508e-02 8.755570357330130782e-02 9.434236141591903491e-02 1.007641868628432053e-01 1.119328550100116837e-01 7.646102374180589745e-02 1.372395370431736539e-01 1.644663479578253873e-01 3.011133399929201149e-01 1.326571088293594658e-01 -5.258443051651372213e-03 1.581659508560474547e-01 5.874605121765570648e-02 5.874605121765570648e-02 1.084341019124665101e-01 1.249703577319603715e-01 9.603796438716298567e-02 1.028657613136722271e-01 1.921535190780466196e-01 1.604570945047359976e-01 1.604570945047359976e-01 1.270953955783589717e-01 6.685195470618127134e-02 5.583614248817449222e-02 1.178091602903629520e-01 -2.875454102122872169e-02 1.490538260683542116e-01 1.756152105824993481e-01 5.736409469873091777e-02 1.872994192717116757e-01 1.294659232913871749e-01 9.239294938205089291e-02 1.053157559336399818e-01 8.016880584010124822e-02 1.834745089655314132e-01 1.163606631189518792e-01 4.239870192941980892e-02 9.175307798669629644e-02 8.847667478617397829e-02 2.211124821311850619e-01 1.525392977837012887e-01 1.422822678562098431e-01 5.126008478819886471e-02 8.559241147297562413e-02 1.620799734069210685e-01 1.154959513489629136e-01 1.462677824413354810e-01 2.545544854986304950e-02 9.647148039349932869e-02 1.634561852592880393e-01 -2.679704580716116280e-02 1.196754362153552437e-01 7.356136673780785951e-02 3.981533795574802859e-02 1.023587318758376330e-01
2.073297237740431009e-01 2.656245492406338893e-01 9.607862510279596702e-02 2.215425387543882851e-01 1.764889851538035404e-01 3.120253696526041898e-01 1.842867412798389060e-01 1.007993538087217505e-01 1.163748189378742970e-01 9.581245353884973448e-02 2.003614380251177995e-01 2.384605954297639996e-01 1.504497977739949477e-01 1.717088557127191828e-01 1.274343263239243740e-01 1.000000000000000888e+00 2.820388155639447780e-01 3.347427334451541503e-01 2.725594168908918036e-01 2.406929460202733850e-01 1.332656181588600663e-01 2.841723900088773402e-01 3.642645750513348601e-01 3.603061204278703022e-01 2.982560580411768303e-01 1.102069818514502253e-01 8.197676635384353039e-02 1.983039385432870116e-01 3.206569112130029930e-01 1.766212695874248007e-01 4.632460332469283126e-01 5.453706847571680727e-02 3.062888347594251437e-01 1.225602839502680369e-01 1.812883161790047049e-01 2.356843085973812646e-01 8.824237561111164529e-02 3.013154014745281564e-02 3.016013094743335010e-01 3.105387847887284281e-01 9.909493647329173371e-02 1.956596939250986322e-01 2.775559713589620392e-01 7.239324826546927882e-02 1.219518165128160164e-01 3.177467560015090342e-01 2.280035733919956731e-01 1.249252647716220799e-01 1.244701653278901948e-01 2.628034291721922378e-01 1.418389820096807030e-01 1.664187400661318872e-01 1.100754888186668695e-01 3.285352850302034611e-01 1.921357864962405793e-01 1.921357864962405793e-01 4.188435727847146517e-02 1.503150709203030233e-01 4.462319025542964557e-01 1.045841440625231017e-01 1.116648161207919043e-01 1.574190462704541660e-01 1.574190462704541660e-01 3.452182509541759092e-01 1.929164541142085187e-01 1.588115928991390979e-01 4.059049869875727690e-01 1.801340565050103260e-01 1.588244501640667106e-01 2.406891064629715915e-01 3.414062767306226265e-01 9.124118205840944795e-02 1.889719470058468798e-01 1.836454557953422773e-01 9.193245860186569085e-02 3.016966416653402705e-01 1.685810735568552543e-01 1.665918463194134280e-01 1.606114655431856442e-01 4.636571009092038120e-01 1.504707311307117434e-01 8.634957659409073227e-02 1.375000235538011706e-01 3.741054190837462823e-01 1.532876925264833601e-01 2.086364932081050672e-01 2.951796603089186233e-01 1.918861222422701407e-01 2.020143149225676060e-01 1.192819769350556280e-01 2.662043650474930218e-02 1.515897505391911038e-01 1.861557593307216207e-01 1.318369090765406648e-01 6.363316614255662973e-01 1.967817856683114763e-01 2.169909924687088987e-01
